NAME HTDBS196512
FREQUENCY 1905MHz
H_WIDTH 67.8
V_WIDTH 26.9
FRONT_TO_BACK 31.7
GAIN 12dBi
TILT 0
POLARIZATION POL_VCOMMENT DATE 2002.7.14
HORIZONTAL 360
0.0 0.00
1.0 0.03
2.0 0.01
3.0 0.04
4.0 0.05
5.0 0.11
6.0 0.20
7.0 0.23
8.0 0.32
9.0 0.37
10.0 0.44
11.0 0.52
12.0 0.60
13.0 0.60
14.0 0.71
15.0 0.77
16.0 0.81
17.0 0.88
18.0 0.97
19.0 1.05
20.0 1.20
21.0 1.33
22.0 1.43
23.0 1.53
24.0 1.69
25.0 1.90
26.0 1.96
27.0 2.12
28.0 2.23
29.0 2.47
30.0 2.60
31.0 2.82
32.0 2.97
33.0 3.19
34.0 3.40
35.0 3.55
36.0 3.81
37.0 4.00
38.0 4.10
39.0 4.36
40.0 4.57
41.0 4.71
42.0 4.99
43.0 5.16
44.0 5.44
45.0 5.75
46.0 6.02
47.0 6.24
48.0 6.57
49.0 6.74
50.0 7.00
51.0 7.18
52.0 7.54
53.0 7.76
54.0 7.97
55.0 8.31
56.0 8.64
57.0 8.80
58.0 9.19
59.0 9.59
60.0 9.76
61.0 10.18
62.0 10.47
63.0 10.79
64.0 11.26
65.0 11.67
66.0 11.85
67.0 12.30
68.0 12.58
69.0 12.85
70.0 13.28
71.0 13.34
72.0 13.55
73.0 13.91
74.0 14.34
75.0 14.52
76.0 14.75
77.0 15.20
78.0 15.55
79.0 15.71
80.0 15.83
81.0 16.10
82.0 16.45
83.0 16.64
84.0 16.86
85.0 17.42
86.0 17.71
87.0 17.94
88.0 18.29
89.0 18.45
90.0 18.55
91.0 18.65
92.0 18.78
93.0 19.25
94.0 19.31
95.0 19.87
96.0 20.02
97.0 20.51
98.0 20.60
99.0 20.77
100.0 20.82
101.0 21.31
102.0 21.45
103.0 21.80
104.0 22.42
105.0 22.48
106.0 22.57
107.0 23.34
108.0 23.93
109.0 23.27
110.0 23.64
111.0 23.27
112.0 23.27
113.0 23.90
114.0 23.57
115.0 24.76
116.0 25.06
117.0 25.07
118.0 26.30
119.0 27.33
120.0 27.64
121.0 27.13
122.0 27.84
123.0 28.59
124.0 27.04
125.0 28.33
126.0 26.92
127.0 26.77
128.0 27.48
129.0 27.78
130.0 29.69
131.0 34.63
132.0 33.70
133.0 37.64
134.0 39.87
135.0 41.90
136.0 43.90
137.0 43.50
138.0 40.15
139.0 44.29
140.0 41.96
141.0 41.86
142.0 38.74
143.0 34.95
144.0 35.85
145.0 35.90
146.0 34.60
147.0 36.99
148.0 35.06
149.0 35.54
150.0 35.52
151.0 34.28
152.0 33.96
153.0 33.46
154.0 32.86
155.0 32.66
156.0 32.40
157.0 33.23
158.0 32.63
159.0 34.48
160.0 35.43
161.0 32.26
162.0 34.02
163.0 36.05
164.0 36.24
165.0 35.81
166.0 37.59
167.0 38.35
168.0 39.61
169.0 43.07
170.0 40.65
171.0 51.91
172.0 39.88
173.0 38.75
174.0 39.04
175.0 41.16
176.0 38.53
177.0 38.84
178.0 40.86
179.0 39.30
180.0 38.01
181.0 37.70
182.0 36.45
183.0 36.46
184.0 38.57
185.0 37.01
186.0 34.99
187.0 37.19
188.0 34.74
189.0 35.41
190.0 37.03
191.0 35.69
192.0 34.88
193.0 34.76
194.0 35.58
195.0 34.09
196.0 34.14
197.0 33.92
198.0 33.34
199.0 33.78
200.0 32.91
201.0 32.56
202.0 33.77
203.0 31.98
204.0 32.63
205.0 32.48
206.0 33.04
207.0 33.61
208.0 34.13
209.0 36.22
210.0 33.67
211.0 34.28
212.0 37.00
213.0 33.82
214.0 33.31
215.0 31.98
216.0 31.16
217.0 30.52
218.0 30.56
219.0 30.02
220.0 30.72
221.0 29.27
222.0 28.94
223.0 28.69
224.0 28.66
225.0 29.15
226.0 27.79
227.0 27.89
228.0 28.01
229.0 27.34
230.0 27.54
231.0 28.78
232.0 28.35
233.0 28.77
234.0 28.93
235.0 28.37
236.0 28.45
237.0 27.39
238.0 26.78
239.0 26.65
240.0 26.41
241.0 26.18
242.0 27.34
243.0 25.91
244.0 26.79
245.0 26.04
246.0 25.27
247.0 23.99
248.0 24.28
249.0 23.17
250.0 22.98
251.0 22.40
252.0 21.78
253.0 21.92
254.0 21.35
255.0 21.11
256.0 20.88
257.0 20.64
258.0 20.50
259.0 20.12
260.0 19.70
261.0 19.68
262.0 19.34
263.0 18.45
264.0 18.01
265.0 17.98
266.0 17.55
267.0 17.34
268.0 17.29
269.0 17.01
270.0 16.03
271.0 16.15
272.0 15.85
273.0 15.93
274.0 15.48
275.0 15.46
276.0 15.27
277.0 14.73
278.0 14.64
279.0 14.37
280.0 14.00
281.0 13.86
282.0 13.44
283.0 13.19
284.0 12.84
285.0 12.59
286.0 12.26
287.0 12.03
288.0 12.04
289.0 11.64
290.0 11.34
291.0 10.99
292.0 10.74
293.0 10.50
294.0 10.11
295.0 9.75
296.0 9.57
297.0 9.16
298.0 8.90
299.0 8.48
300.0 8.29
301.0 8.02
302.0 7.80
303.0 7.62
304.0 7.57
305.0 7.38
306.0 7.15
307.0 6.93
308.0 6.67
309.0 6.37
310.0 6.14
311.0 5.87
312.0 5.56
313.0 5.27
314.0 5.14
315.0 4.92
316.0 4.78
317.0 4.64
318.0 4.44
319.0 4.28
320.0 4.12
321.0 3.94
322.0 3.70
323.0 3.48
324.0 3.29
325.0 3.06
326.0 2.88
327.0 2.66
328.0 2.59
329.0 2.44
330.0 2.31
331.0 2.27
332.0 2.08
333.0 1.94
334.0 1.86
335.0 1.71
336.0 1.53
337.0 1.43
338.0 1.34
339.0 1.15
340.0 1.08
341.0 0.99
342.0 0.86
343.0 0.81
344.0 0.78
345.0 0.65
346.0 0.60
347.0 0.51
348.0 0.43
349.0 0.39
350.0 0.29
351.0 0.29
352.0 0.19
353.0 0.19
354.0 0.14
355.0 0.07
356.0 0.04
357.0 0.07
358.0 0.01
359.0 0.06
VERTICAL 360
0 0.00
1 0.12
2 0.19
3 0.38
4 0.50
5 0.73
6 0.91
7 1.14
8 1.42
9 1.78
10 2.13
11 2.56
12 2.96
13 3.48
14 3.99
15 4.54
16 5.17
17 5.85
18 6.64
19 7.38
20 8.16
21 9.18
22 10.20
23 11.47
24 12.88
25 14.41
26 15.78
27 17.50
28 20.04
29 23.32
30 27.47
31 32.86
32 34.38
33 28.16
34 24.96
35 22.36
36 20.69
37 19.46
38 18.42
39 17.68
40 16.93
41 16.56
42 16.02
43 15.48
44 15.31
45 15.26
46 14.91
47 14.71
48 14.57
49 14.64
50 14.45
51 14.36
52 14.14
53 14.34
54 14.29
55 14.45
56 14.77
57 14.93
58 15.16
59 15.06
60 15.54
61 15.77
62 16.10
63 16.54
64 16.64
65 17.00
66 17.06
67 17.82
68 17.99
69 18.48
70 18.72
71 19.58
72 19.70
73 20.19
74 20.02
75 21.22
76 21.72
77 22.13
78 22.31
79 22.79
80 23.53
81 23.84
82 24.42
83 24.73
84 25.83
85 25.64
86 26.83
87 27.95
88 27.68
89 29.93
90 28.98
91 29.46
92 32.22
93 31.49
94 33.73
95 33.79
96 38.39
97 35.42
98 40.54
99 38.93
100 48.76
101 43.65
102 43.13
103 44.38
104 42.76
105 42.91
106 38.66
107 38.56
108 44.22
109 42.73
110 39.72
111 38.62
112 37.61
113 37.02
114 37.31
115 36.29
116 36.13
117 36.89
118 34.87
119 36.04
120 34.89
121 34.40
122 34.37
123 33.64
124 33.49
125 33.42
126 32.92
127 33.17
128 33.66
129 34.31
130 33.89
131 34.48
132 34.93
133 35.15
134 36.03
135 37.29
136 38.33
137 36.98
138 35.90
139 34.59
140 34.16
141 33.98
142 33.91
143 33.39
144 33.62
145 33.70
146 33.80
147 33.91
148 34.10
149 34.15
150 34.17
151 34.75
152 33.78
153 33.97
154 33.88
155 34.03
156 33.97
157 40.08
158 36.18
159 35.74
160 37.93
161 38.42
162 36.53
163 38.06
164 39.91
165 39.65
166 37.29
167 39.61
168 40.04
169 37.19
170 36.48
171 35.91
172 33.21
173 33.10
174 32.86
175 32.63
176 32.55
177 31.89
178 31.85
179 31.88
180 31.77
181 31.90
182 31.90
183 31.72
184 31.79
185 31.85
186 31.76
187 31.79
188 32.18
189 33.10
190 34.24
191 34.30
192 34.96
193 36.05
194 36.45
195 34.65
196 35.83
197 36.22
198 39.48
199 37.37
200 36.84
201 35.09
202 34.26
203 35.86
204 34.25
205 33.72
206 33.51
207 35.35
208 34.81
209 34.67
210 34.21
211 34.12
212 34.25
213 33.79
214 33.36
215 34.08
216 35.67
217 36.08
218 36.56
219 35.80
220 35.80
221 35.31
222 36.13
223 36.33
224 36.41
225 35.64
226 35.08
227 37.81
228 38.09
229 38.82
230 36.41
231 37.73
232 35.86
233 38.46
234 38.53
235 40.67
236 37.26
237 37.68
238 38.80
239 38.19
240 37.70
241 35.70
242 34.67
243 36.47
244 36.63
245 35.12
246 36.80
247 37.60
248 34.38
249 39.99
250 35.06
251 36.42
252 34.83
253 33.65
254 34.61
255 33.74
256 32.58
257 32.40
258 31.88
259 31.31
260 30.11
261 30.94
262 30.72
263 30.24
264 31.66
265 29.90
266 30.18
267 29.59
268 28.15
269 27.57
270 27.16
271 28.07
272 26.47
273 26.13
274 26.07
275 25.00
276 24.89
277 24.54
278 24.23
279 22.90
280 22.89
281 22.21
282 21.89
283 21.40
284 20.86
285 20.58
286 20.10
287 19.68
288 18.88
289 18.64
290 18.07
291 17.82
292 16.96
293 16.72
294 16.56
295 16.17
296 15.73
297 15.37
298 14.88
299 14.72
300 14.42
301 14.11
302 13.78
303 13.72
304 13.43
305 13.27
306 13.31
307 12.87
308 13.02
309 12.67
310 12.75
311 12.76
312 12.72
313 12.87
314 13.22
315 13.18
316 13.38
317 13.78
318 14.09
319 14.63
320 15.41
321 15.84
322 16.78
323 18.01
324 19.48
325 21.76
326 24.40
327 26.36
328 28.88
329 26.46
330 22.26
331 19.55
332 17.07
333 15.28
334 13.45
335 11.85
336 10.65
337 9.51
338 8.52
339 7.49
340 6.67
341 5.92
342 5.23
343 4.67
344 4.02
345 3.51
346 3.03
347 2.65
348 2.21
349 1.85
350 1.51
351 1.22
352 0.97
353 0.74
354 0.56
355 0.41
356 0.27
357 0.19
358 0.13
359 0.09
