NAME HTQ-1.9-9(10)
FREQUENCY 1905MHz
H_WIDTH 360
V_WIDTH 10.2
FRONT_TO_BACK 0
GAIN 8.403789606dBi 9dBi
TILT 10
POLARIZATION POL_VCOMMENT DATE 2003.8.10
HORIZONTAL 360
0.0 0.22
1.0 0.16
2.0 0.05
3.0 0.04
4.0 0.02
5.0 0.15
6.0 0.02
7.0 0.07
8.0 0.00
9.0 0.12
10.0 0.04
11.0 0.13
12.0 0.22
13.0 0.13
14.0 0.37
15.0 0.32
16.0 0.43
17.0 0.29
18.0 0.26
19.0 0.21
20.0 0.42
21.0 0.35
22.0 0.41
23.0 0.28
24.0 0.33
25.0 0.47
26.0 0.30
27.0 0.38
28.0 0.42
29.0 0.36
30.0 0.34
31.0 0.37
32.0 0.46
33.0 0.48
34.0 0.43
35.0 0.52
36.0 0.56
37.0 0.60
38.0 0.61
39.0 0.70
40.0 0.77
41.0 0.80
42.0 0.76
43.0 0.73
44.0 0.91
45.0 0.84
46.0 0.98
47.0 0.90
48.0 0.80
49.0 0.85
50.0 0.72
51.0 0.76
52.0 0.67
53.0 0.72
54.0 0.52
55.0 0.41
56.0 0.45
57.0 0.32
58.0 0.29
59.0 0.09
60.0 0.29
61.0 0.22
62.0 0.08
63.0 0.11
64.0 0.09
65.0 0.13
66.0 0.16
67.0 0.22
68.0 0.16
69.0 0.20
70.0 0.24
71.0 0.33
72.0 0.34
73.0 0.36
74.0 0.45
75.0 0.42
76.0 0.50
77.0 0.54
78.0 0.56
79.0 0.50
80.0 0.64
81.0 0.43
82.0 0.73
83.0 0.60
84.0 0.66
85.0 0.45
86.0 0.58
87.0 0.52
88.0 0.58
89.0 0.45
90.0 0.55
91.0 0.41
92.0 0.43
93.0 0.48
94.0 0.45
95.0 0.41
96.0 0.42
97.0 0.47
98.0 0.38
99.0 0.37
100.0 0.45
101.0 0.57
102.0 0.51
103.0 0.64
104.0 0.58
105.0 0.87
106.0 0.73
107.0 0.90
108.0 1.06
109.0 1.00
110.0 1.08
111.0 1.12
112.0 1.29
113.0 1.39
114.0 1.25
115.0 1.37
116.0 1.28
117.0 1.32
118.0 1.37
119.0 1.17
120.0 1.05
121.0 1.08
122.0 1.05
123.0 0.94
124.0 0.87
125.0 0.87
126.0 0.90
127.0 0.59
128.0 0.60
129.0 0.59
130.0 0.55
131.0 0.63
132.0 0.74
133.0 0.78
134.0 0.60
135.0 0.79
136.0 0.87
137.0 0.91
138.0 0.92
139.0 0.99
140.0 0.95
141.0 0.94
142.0 1.00
143.0 0.99
144.0 1.03
145.0 0.92
146.0 0.88
147.0 0.90
148.0 0.68
149.0 0.66
150.0 0.61
151.0 0.60
152.0 0.40
153.0 0.45
154.0 0.39
155.0 0.34
156.0 0.24
157.0 0.33
158.0 0.43
159.0 0.32
160.0 0.54
161.0 0.58
162.0 0.62
163.0 0.66
164.0 0.85
165.0 0.88
166.0 0.99
167.0 1.01
168.0 1.22
169.0 1.05
170.0 1.23
171.0 1.01
172.0 1.03
173.0 1.10
174.0 0.98
175.0 0.91
176.0 1.02
177.0 0.83
178.0 0.66
179.0 0.67
180.0 0.53
181.0 0.42
182.0 0.41
183.0 0.34
184.0 0.26
185.0 0.25
186.0 0.20
187.0 0.32
188.0 0.28
189.0 0.15
190.0 0.16
191.0 0.14
192.0 0.17
193.0 0.31
194.0 0.31
195.0 0.36
196.0 0.39
197.0 0.44
198.0 0.60
199.0 0.70
200.0 0.66
201.0 0.72
202.0 0.77
203.0 0.72
204.0 0.68
205.0 0.70
206.0 0.75
207.0 0.75
208.0 0.72
209.0 0.70
210.0 0.74
211.0 0.61
212.0 0.67
213.0 0.60
214.0 0.56
215.0 0.56
216.0 0.54
217.0 0.48
218.0 0.50
219.0 0.58
220.0 0.52
221.0 0.54
222.0 0.54
223.0 0.64
224.0 0.77
225.0 0.74
226.0 0.77
227.0 0.78
228.0 0.94
229.0 0.89
230.0 0.85
231.0 0.82
232.0 0.98
233.0 0.77
234.0 0.74
235.0 0.88
236.0 0.61
237.0 0.56
238.0 0.54
239.0 0.52
240.0 0.51
241.0 0.34
242.0 0.41
243.0 0.31
244.0 0.30
245.0 0.21
246.0 0.26
247.0 0.20
248.0 0.32
249.0 0.41
250.0 0.39
251.0 0.40
252.0 0.32
253.0 0.45
254.0 0.56
255.0 0.49
256.0 0.50
257.0 0.50
258.0 0.66
259.0 0.58
260.0 0.77
261.0 0.74
262.0 0.77
263.0 0.71
264.0 0.78
265.0 0.86
266.0 0.84
267.0 0.96
268.0 1.11
269.0 0.97
270.0 0.99
271.0 1.18
272.0 1.12
273.0 1.14
274.0 1.21
275.0 1.09
276.0 1.17
277.0 1.21
278.0 1.19
279.0 1.22
280.0 1.14
281.0 0.97
282.0 1.08
283.0 1.05
284.0 0.93
285.0 0.87
286.0 0.78
287.0 0.84
288.0 0.30
289.0 0.91
290.0 0.67
291.0 0.73
292.0 0.73
293.0 0.61
294.0 0.55
295.0 0.65
296.0 0.47
297.0 0.45
298.0 0.37
299.0 0.26
300.0 0.22
301.0 0.06
302.0 0.11
303.0 0.19
304.0 0.07
305.0 0.14
306.0 0.11
307.0 0.05
308.0 0.03
309.0 0.03
310.0 0.14
311.0 0.07
312.0 0.19
313.0 0.34
314.0 0.40
315.0 0.43
316.0 0.50
317.0 0.49
318.0 0.55
319.0 0.65
320.0 0.62
321.0 0.64
322.0 0.67
323.0 0.61
324.0 0.66
325.0 0.43
326.0 0.55
327.0 0.55
328.0 0.43
329.0 0.36
330.0 0.33
331.0 0.27
332.0 0.42
333.0 0.25
334.0 0.35
335.0 0.31
336.0 0.44
337.0 0.50
338.0 0.57
339.0 0.74
340.0 0.78
341.0 0.78
342.0 0.98
343.0 0.99
344.0 1.14
345.0 1.22
346.0 1.42
347.0 1.36
348.0 1.33
349.0 1.35
350.0 1.24
351.0 1.25
352.0 1.10
353.0 1.03
354.0 0.91
355.0 0.66
356.0 0.64
357.0 0.52
358.0 0.42
359.0 0.26
VERTICAL 360
0 13.02
1 11.69
2 10.44
3 9.36
4 9.00
5 9.02
6 9.31
7 9.78
8 10.42
9 11.38
10 12.22
11 13.10
12 13.26
13 12.91
14 12.33
15 11.47
16 10.94
17 10.95
18 11.24
19 12.04
20 13.08
21 14.43
22 15.69
23 16.60
24 17.83
25 19.23
26 20.54
27 20.63
28 19.78
29 19.19
30 18.89
31 18.48
32 17.95
33 17.65
34 17.16
35 16.90
36 16.86
37 17.24
38 17.81
39 18.71
40 19.00
41 19.76
42 20.58
43 21.70
44 23.89
45 26.34
46 29.99
47 31.50
48 30.69
49 27.24
50 22.90
51 20.93
52 19.76
53 19.05
54 18.85
55 18.97
56 18.86
57 19.08
58 19.45
59 19.77
60 20.80
61 21.55
62 22.36
63 23.27
64 24.13
65 25.16
66 26.05
67 28.27
68 29.19
69 29.85
70 30.48
71 29.26
72 29.78
73 29.37
74 29.23
75 28.40
76 27.01
77 25.53
78 25.58
79 25.25
80 26.10
81 26.13
82 26.48
83 26.62
84 26.37
85 25.94
86 26.19
87 25.99
88 27.48
89 27.33
90 29.27
91 30.58
92 31.25
93 31.62
94 32.83
95 34.27
96 35.90
97 39.00
98 35.13
99 32.37
100 30.96
101 28.19
102 26.44
103 25.12
104 23.50
105 22.80
106 21.95
107 21.95
108 22.91
109 23.45
110 23.94
111 25.18
112 25.25
113 24.98
114 24.58
115 24.55
116 24.69
117 23.94
118 22.84
119 21.77
120 21.17
121 20.95
122 20.53
123 19.91
124 19.59
125 19.56
126 19.07
127 18.88
128 18.99
129 19.19
130 20.18
131 20.91
132 20.94
133 20.47
134 19.42
135 18.66
136 17.53
137 16.72
138 15.79
139 15.03
140 14.59
141 14.36
142 14.46
143 14.30
144 14.14
145 14.40
146 14.75
147 15.35
148 15.77
149 16.71
150 17.92
151 19.83
152 22.48
153 25.22
154 25.49
155 24.11
156 21.35
157 19.23
158 16.97
159 14.86
160 13.31
161 12.18
162 11.62
163 11.51
164 12.04
165 13.24
166 15.24
167 18.28
168 20.99
169 19.67
170 16.48
171 13.63
172 11.66
173 10.46
174 9.82
175 9.50
176 9.72
177 10.73
178 12.49
179 14.84
180 16.35
181 14.65
182 11.57
183 8.64
184 6.03
185 4.03
186 2.65
187 1.54
188 0.78
189 0.31
190 0.09
191 0.07
192 0.28
193 0.73
194 1.42
195 2.35
196 3.53
197 4.88
198 6.42
199 8.24
200 10.26
201 12.69
202 14.94
203 16.56
204 16.91
205 16.49
206 15.50
207 14.72
208 14.39
209 14.36
210 14.79
211 15.47
212 16.40
213 17.51
214 19.44
215 22.05
216 25.60
217 29.73
218 34.06
219 38.77
220 39.64
221 39.09
222 35.28
223 32.35
224 31.07
225 27.92
226 27.68
227 26.94
228 25.57
229 24.18
230 23.68
231 23.44
232 24.08
233 24.74
234 25.90
235 27.47
236 29.78
237 35.74
238 43.00
239 44.71
240 40.20
241 38.20
242 36.10
243 32.17
244 29.50
245 28.03
246 27.85
247 27.43
248 28.16
249 29.83
250 32.25
251 33.40
252 34.47
253 35.92
254 36.13
255 33.86
256 32.01
257 32.38
258 30.29
259 30.93
260 27.74
261 28.06
262 32.05
263 28.48
264 29.31
265 29.78
266 30.44
267 28.50
268 34.26
269 33.02
270 34.41
271 34.41
272 34.41
273 35.36
274 39.24
275 39.96
276 38.58
277 37.71
278 35.69
279 34.28
280 30.62
281 31.25
282 28.45
283 26.59
284 26.83
285 26.35
286 25.98
287 24.42
288 25.29
289 24.09
290 24.38
291 24.17
292 23.87
293 22.90
294 23.86
295 23.65
296 24.38
297 25.29
298 26.85
299 32.57
300 36.07
301 32.79
302 33.83
303 29.62
304 26.03
305 25.00
306 24.72
307 23.87
308 22.57
309 21.69
310 20.73
311 20.37
312 20.25
313 20.54
314 20.08
315 20.30
316 21.43
317 22.66
318 24.67
319 27.78
320 34.18
321 43.58
322 30.65
323 25.87
324 22.22
325 19.67
326 18.17
327 16.57
328 15.47
329 14.71
330 14.03
331 13.99
332 14.21
333 15.16
334 16.12
335 16.86
336 17.88
337 17.00
338 15.61
339 13.09
340 9.82
341 7.74
342 5.57
343 3.82
344 2.67
345 1.56
346 0.93
347 0.47
348 0.15
349 0.00
350 0.06
351 0.44
352 1.07
353 1.97
354 3.13
355 4.69
356 6.63
357 9.04
358 11.44
359 13.25
