NAME HTQ-1.9-9(5)
FREQUENCY 1905MHz
H_WIDTH 360
V_WIDTH 8.9
FRONT_TO_BACK 0
GAIN 8.647185093dBi 9dBi
TILT 5
POLARIZATION POL_VCOMMENT DATE 2003.6.9
HORIZONTAL 360
0.0 0.28
1.0 0.32
2.0 0.40
3.0 0.35
4.0 0.42
5.0 0.44
6.0 0.48
7.0 0.54
8.0 0.53
9.0 0.54
10.0 0.58
11.0 0.58
12.0 0.60
13.0 0.58
14.0 0.60
15.0 0.55
16.0 0.56
17.0 0.56
18.0 0.56
19.0 0.62
20.0 0.59
21.0 0.53
22.0 0.53
23.0 0.50
24.0 0.46
25.0 0.47
26.0 0.45
27.0 0.50
28.0 0.45
29.0 0.46
30.0 0.46
31.0 0.43
32.0 0.45
33.0 0.44
34.0 0.46
35.0 0.45
36.0 0.41
37.0 0.41
38.0 0.41
39.0 0.39
40.0 0.39
41.0 0.30
42.0 0.31
43.0 0.32
44.0 0.28
45.0 0.29
46.0 0.27
47.0 0.21
48.0 0.19
49.0 0.24
50.0 0.24
51.0 0.21
52.0 0.23
53.0 0.23
54.0 0.22
55.0 0.27
56.0 0.28
57.0 0.28
58.0 0.33
59.0 0.31
60.0 0.38
61.0 0.35
62.0 0.38
63.0 0.47
64.0 0.43
65.0 0.45
66.0 0.49
67.0 0.47
68.0 0.47
69.0 0.55
70.0 0.45
71.0 0.50
72.0 0.48
73.0 0.45
74.0 0.44
75.0 0.46
76.0 0.45
77.0 0.41
78.0 0.40
79.0 0.41
80.0 0.41
81.0 0.38
82.0 0.36
83.0 0.32
84.0 0.30
85.0 0.29
86.0 0.32
87.0 0.30
88.0 0.29
89.0 0.29
90.0 0.28
91.0 0.28
92.0 0.27
93.0 0.25
94.0 0.26
95.0 0.27
96.0 0.32
97.0 0.31
98.0 0.33
99.0 0.28
100.0 0.30
101.0 0.33
102.0 0.31
103.0 0.31
104.0 0.29
105.0 0.25
106.0 0.27
107.0 0.25
108.0 0.22
109.0 0.17
110.0 0.11
111.0 0.18
112.0 0.21
113.0 0.24
114.0 0.22
115.0 0.30
116.0 0.24
117.0 0.29
118.0 0.30
119.0 0.31
120.0 0.36
121.0 0.36
122.0 0.36
123.0 0.42
124.0 0.40
125.0 0.41
126.0 0.44
127.0 0.43
128.0 0.46
129.0 0.39
130.0 0.42
131.0 0.42
132.0 0.39
133.0 0.35
134.0 0.38
135.0 0.31
136.0 0.28
137.0 0.26
138.0 0.23
139.0 0.19
140.0 0.15
141.0 0.14
142.0 0.11
143.0 0.03
144.0 0.03
145.0 0.05
146.0 0.00
147.0 0.03
148.0 0.01
149.0 0.00
150.0 0.02
151.0 0.02
152.0 0.03
153.0 0.06
154.0 0.16
155.0 0.21
156.0 0.24
157.0 0.25
158.0 0.30
159.0 0.36
160.0 0.39
161.0 0.50
162.0 0.47
163.0 0.51
164.0 0.57
165.0 0.60
166.0 0.66
167.0 0.68
168.0 0.70
169.0 0.70
170.0 0.68
171.0 0.66
172.0 0.63
173.0 0.68
174.0 0.69
175.0 0.68
176.0 0.63
177.0 0.62
178.0 0.67
179.0 0.64
180.0 0.70
181.0 0.65
182.0 0.70
183.0 0.64
184.0 0.72
185.0 0.66
186.0 0.68
187.0 0.70
188.0 0.71
189.0 0.70
190.0 0.73
191.0 0.68
192.0 0.70
193.0 0.71
194.0 0.69
195.0 0.70
196.0 0.67
197.0 0.68
198.0 0.68
199.0 0.67
200.0 0.63
201.0 0.60
202.0 0.60
203.0 0.59
204.0 0.64
205.0 0.53
206.0 0.58
207.0 0.54
208.0 0.51
209.0 0.49
210.0 0.42
211.0 0.42
212.0 0.42
213.0 0.37
214.0 0.32
215.0 0.31
216.0 0.27
217.0 0.29
218.0 0.23
219.0 0.26
220.0 0.19
221.0 0.22
222.0 0.16
223.0 0.15
224.0 0.13
225.0 0.17
226.0 0.10
227.0 0.17
228.0 0.19
229.0 0.21
230.0 0.18
231.0 0.16
232.0 0.20
233.0 0.26
234.0 0.22
235.0 0.27
236.0 0.26
237.0 0.25
238.0 0.25
239.0 0.34
240.0 0.37
241.0 0.35
242.0 0.41
243.0 0.39
244.0 0.40
245.0 0.39
246.0 0.43
247.0 0.39
248.0 0.40
249.0 0.43
250.0 0.46
251.0 0.49
252.0 0.52
253.0 0.47
254.0 0.50
255.0 0.58
256.0 0.58
257.0 0.56
258.0 0.56
259.0 0.51
260.0 0.52
261.0 0.49
262.0 0.47
263.0 0.49
264.0 0.47
265.0 0.44
266.0 0.46
267.0 0.46
268.0 0.38
269.0 0.36
270.0 0.36
271.0 0.39
272.0 0.38
273.0 0.36
274.0 0.34
275.0 0.39
276.0 0.39
277.0 0.35
278.0 0.35
279.0 0.33
280.0 0.35
281.0 0.30
282.0 0.27
283.0 0.32
284.0 0.29
285.0 0.26
286.0 0.22
287.0 0.19
288.0 0.17
289.0 0.09
290.0 0.11
291.0 0.12
292.0 0.11
293.0 0.07
294.0 0.08
295.0 0.08
296.0 0.09
297.0 0.08
298.0 0.11
299.0 0.10
300.0 0.18
301.0 0.14
302.0 0.26
303.0 0.20
304.0 0.23
305.0 0.24
306.0 0.29
307.0 0.31
308.0 0.35
309.0 0.35
310.0 0.44
311.0 0.41
312.0 0.43
313.0 0.50
314.0 0.49
315.0 0.43
316.0 0.49
317.0 0.45
318.0 0.44
319.0 0.46
320.0 0.44
321.0 0.41
322.0 0.45
323.0 0.41
324.0 0.32
325.0 0.29
326.0 0.27
327.0 0.23
328.0 0.20
329.0 0.16
330.0 0.13
331.0 0.13
332.0 0.11
333.0 0.05
334.0 0.09
335.0 0.08
336.0 0.03
337.0 0.06
338.0 0.02
339.0 0.03
340.0 0.06
341.0 0.10
342.0 0.09
343.0 0.07
344.0 0.16
345.0 0.12
346.0 0.14
347.0 0.15
348.0 0.12
349.0 0.15
350.0 0.17
351.0 0.19
352.0 0.20
353.0 0.14
354.0 0.13
355.0 0.14
356.0 0.22
357.0 0.18
358.0 0.21
359.0 0.27
VERTICAL 360
0 10.04
1 15.30
2 16.09
3 12.37
4 8.81
5 6.52
6 5.34
7 4.74
8 4.80
9 5.18
10 6.06
11 7.57
12 9.25
13 12.25
14 16.83
15 26.87
16 27.12
17 18.30
18 13.77
19 11.05
20 9.26
21 8.26
22 8.24
23 8.79
24 10.14
25 11.82
26 14.21
27 16.77
28 18.99
29 18.70
30 17.55
31 15.98
32 14.31
33 13.24
34 12.58
35 12.51
36 12.57
37 13.31
38 14.56
39 15.67
40 17.60
41 20.01
42 22.10
43 21.11
44 19.29
45 18.71
46 16.89
47 16.68
48 16.72
49 16.58
50 16.82
51 16.84
52 16.65
53 16.81
54 16.64
55 17.18
56 17.62
57 17.84
58 18.19
59 18.26
60 17.23
61 16.53
62 15.90
63 15.26
64 15.24
65 15.32
66 15.38
67 15.75
68 16.13
69 16.73
70 17.23
71 17.60
72 18.41
73 19.18
74 20.28
75 20.62
76 21.74
77 22.45
78 21.80
79 23.54
80 23.03
81 23.13
82 22.37
83 22.60
84 21.71
85 21.43
86 20.20
87 20.60
88 19.97
89 20.17
90 20.64
91 20.36
92 20.23
93 20.82
94 21.17
95 20.87
96 20.88
97 21.57
98 21.62
99 21.59
100 21.37
101 20.49
102 19.63
103 19.05
104 18.12
105 17.63
106 16.83
107 16.62
108 16.25
109 15.88
110 15.98
111 15.72
112 15.28
113 15.80
114 15.85
115 16.12
116 16.21
117 16.59
118 17.18
119 17.67
120 17.71
121 18.28
122 18.88
123 19.26
124 19.89
125 19.93
126 19.68
127 19.08
128 18.21
129 16.81
130 16.11
131 15.56
132 15.79
133 15.91
134 16.23
135 17.18
136 17.37
137 18.51
138 19.39
139 19.74
140 18.44
141 17.32
142 16.08
143 14.38
144 13.20
145 12.02
146 11.98
147 11.95
148 11.95
149 12.46
150 13.16
151 14.95
152 17.28
153 17.00
154 14.68
155 12.35
156 10.69
157 9.77
158 8.98
159 8.83
160 8.73
161 9.12
162 9.99
163 11.78
164 14.10
165 18.96
166 15.66
167 11.22
168 8.15
169 6.15
170 4.84
171 3.99
172 3.87
173 4.13
174 4.59
175 5.81
176 7.47
177 10.26
178 13.04
179 13.15
180 9.94
181 7.06
182 4.82
183 3.08
184 1.68
185 0.75
186 0.08
187 0.00
188 0.15
189 0.57
190 1.19
191 1.83
192 3.00
193 4.25
194 5.52
195 7.20
196 8.71
197 10.23
198 11.43
199 12.12
200 12.81
201 13.84
202 15.33
203 17.15
204 18.64
205 20.27
206 21.01
207 19.44
208 17.66
209 16.33
210 15.73
211 15.52
212 15.70
213 16.11
214 17.24
215 19.05
216 21.21
217 22.81
218 25.18
219 25.49
220 23.49
221 22.04
222 20.49
223 19.50
224 19.24
225 20.19
226 21.68
227 23.96
228 28.01
229 30.15
230 38.73
231 32.58
232 28.82
233 26.14
234 24.66
235 22.91
236 21.90
237 20.60
238 21.17
239 21.53
240 20.84
241 21.64
242 21.89
243 21.78
244 22.84
245 22.55
246 23.59
247 23.25
248 24.84
249 24.97
250 26.79
251 25.39
252 27.36
253 27.57
254 28.14
255 26.73
256 26.88
257 25.45
258 24.93
259 25.88
260 26.16
261 27.20
262 28.03
263 30.60
264 27.36
265 32.87
266 32.87
267 40.44
268 41.96
269 47.83
270 39.61
271 31.90
272 31.26
273 29.79
274 29.49
275 29.99
276 28.99
277 28.24
278 30.46
279 29.86
280 32.63
281 35.70
282 38.99
283 40.24
284 55.57
285 46.09
286 45.79
287 52.62
288 49.13
289 44.51
290 45.90
291 35.82
292 36.85
293 32.54
294 28.03
295 27.06
296 26.51
297 26.38
298 26.07
299 25.04
300 25.27
301 25.99
302 25.84
303 26.01
304 28.16
305 29.37
306 29.96
307 31.59
308 30.14
309 30.26
310 27.91
311 27.45
312 25.41
313 24.12
314 24.13
315 25.04
316 27.69
317 26.75
318 28.25
319 28.98
320 28.76
321 30.69
322 29.82
323 25.15
324 22.76
325 21.58
326 21.64
327 20.86
328 20.88
329 20.71
330 20.52
331 24.33
332 23.67
333 23.11
334 23.30
335 21.85
336 19.03
337 16.77
338 15.04
339 13.64
340 13.01
341 12.32
342 11.51
343 10.73
344 9.11
345 7.94
346 6.07
347 4.49
348 3.44
349 2.35
350 1.49
351 0.88
352 0.42
353 0.25
354 0.39
355 0.80
356 1.49
357 2.64
358 4.20
359 6.63
