NAME HTQ-1.9-7.0(20)
FREQUENCY 1905MHz
H_WIDTH 360
V_WIDTH 20.7
FRONT_TO_BACK 0
GAIN 6.126484313dBi 7dBi
TILT 20
POLARIZATION POL_VCOMMENT DATE 2002.11.29
HORIZONTAL 360
0.0 1.38
1.0 1.48
2.0 1.53
3.0 1.48
4.0 1.51
5.0 1.57
6.0 1.62
7.0 1.51
8.0 1.58
9.0 1.66
10.0 1.63
11.0 1.50
12.0 1.53
13.0 1.59
14.0 1.49
15.0 1.54
16.0 1.51
17.0 1.46
18.0 1.49
19.0 1.52
20.0 1.49
21.0 1.51
22.0 1.42
23.0 1.30
24.0 1.44
25.0 1.44
26.0 1.40
27.0 1.38
28.0 1.43
29.0 1.45
30.0 1.48
31.0 1.43
32.0 1.58
33.0 1.54
34.0 1.49
35.0 1.45
36.0 1.46
37.0 1.47
38.0 1.47
39.0 1.44
40.0 1.42
41.0 1.35
42.0 1.33
43.0 1.35
44.0 1.41
45.0 1.33
46.0 1.29
47.0 1.34
48.0 1.25
49.0 1.27
50.0 1.27
51.0 1.29
52.0 1.42
53.0 1.32
54.0 1.35
55.0 1.34
56.0 1.35
57.0 1.29
58.0 1.34
59.0 1.33
60.0 1.34
61.0 1.27
62.0 1.26
63.0 1.27
64.0 1.21
65.0 1.17
66.0 1.25
67.0 1.17
68.0 1.13
69.0 1.01
70.0 0.98
71.0 1.04
72.0 1.01
73.0 0.98
74.0 1.05
75.0 1.06
76.0 1.15
77.0 1.00
78.0 1.03
79.0 0.98
80.0 0.99
81.0 0.95
82.0 0.98
83.0 0.91
84.0 0.93
85.0 0.90
86.0 0.90
87.0 0.92
88.0 0.97
89.0 0.96
90.0 0.86
91.0 0.84
92.0 0.78
93.0 0.78
94.0 0.85
95.0 0.69
96.0 0.69
97.0 0.73
98.0 0.70
99.0 0.64
100.0 0.66
101.0 0.65
102.0 0.65
103.0 0.60
104.0 0.69
105.0 0.62
106.0 0.59
107.0 0.48
108.0 0.44
109.0 0.47
110.0 0.46
111.0 0.30
112.0 0.24
113.0 0.42
114.0 0.42
115.0 0.45
116.0 0.34
117.0 0.27
118.0 0.37
119.0 0.35
120.0 0.27
121.0 0.31
122.0 0.29
123.0 0.27
124.0 0.24
125.0 0.21
126.0 0.20
127.0 0.23
128.0 0.21
129.0 0.21
130.0 0.21
131.0 0.02
132.0 0.18
133.0 0.12
134.0 0.18
135.0 0.18
136.0 0.01
137.0 0.09
138.0 0.09
139.0 0.14
140.0 0.15
141.0 0.19
142.0 0.18
143.0 0.17
144.0 0.14
145.0 0.16
146.0 0.15
147.0 0.15
148.0 0.09
149.0 0.09
150.0 0.09
151.0 0.08
152.0 0.11
153.0 0.15
154.0 0.09
155.0 0.01
156.0 0.10
157.0 0.06
158.0 0.18
159.0 0.18
160.0 0.20
161.0 0.00
162.0 0.11
163.0 0.13
164.0 0.17
165.0 0.15
166.0 0.15
167.0 0.24
168.0 0.16
169.0 0.23
170.0 0.26
171.0 0.36
172.0 0.35
173.0 0.18
174.0 0.31
175.0 0.34
176.0 0.32
177.0 0.35
178.0 0.35
179.0 0.35
180.0 0.29
181.0 0.26
182.0 0.34
183.0 0.36
184.0 0.27
185.0 0.32
186.0 0.32
187.0 0.36
188.0 0.35
189.0 0.46
190.0 0.38
191.0 0.48
192.0 0.59
193.0 0.50
194.0 0.54
195.0 0.47
196.0 0.52
197.0 0.60
198.0 0.52
199.0 0.52
200.0 0.58
201.0 0.63
202.0 0.56
203.0 0.66
204.0 0.62
205.0 0.70
206.0 0.69
207.0 0.60
208.0 0.72
209.0 0.79
210.0 0.68
211.0 0.75
212.0 0.72
213.0 0.73
214.0 0.78
215.0 0.53
216.0 0.79
217.0 0.85
218.0 0.86
219.0 0.87
220.0 0.88
221.0 0.92
222.0 0.95
223.0 0.96
224.0 0.95
225.0 0.86
226.0 0.90
227.0 0.98
228.0 0.98
229.0 1.01
230.0 1.00
231.0 0.96
232.0 1.09
233.0 1.00
234.0 1.03
235.0 0.98
236.0 1.01
237.0 0.95
238.0 0.95
239.0 1.00
240.0 0.99
241.0 1.04
242.0 1.07
243.0 1.00
244.0 1.03
245.0 1.04
246.0 1.06
247.0 1.06
248.0 1.07
249.0 1.12
250.0 1.10
251.0 1.10
252.0 1.10
253.0 1.18
254.0 1.01
255.0 1.09
256.0 1.09
257.0 1.17
258.0 1.10
259.0 1.07
260.0 1.07
261.0 1.20
262.0 1.17
263.0 1.10
264.0 1.17
265.0 1.09
266.0 1.21
267.0 1.16
268.0 1.13
269.0 1.14
270.0 1.08
271.0 1.06
272.0 1.08
273.0 1.14
274.0 1.05
275.0 0.99
276.0 1.07
277.0 1.02
278.0 1.06
279.0 1.02
280.0 1.04
281.0 1.10
282.0 0.93
283.0 1.07
284.0 0.99
285.0 1.06
286.0 1.08
287.0 1.09
288.0 1.09
289.0 1.06
290.0 1.15
291.0 1.03
292.0 1.09
293.0 1.02
294.0 1.05
295.0 0.91
296.0 0.90
297.0 0.85
298.0 0.81
299.0 0.89
300.0 0.84
301.0 0.93
302.0 0.99
303.0 1.03
304.0 1.07
305.0 1.12
306.0 1.16
307.0 1.20
308.0 1.08
309.0 1.03
310.0 0.96
311.0 0.99
312.0 0.95
313.0 0.92
314.0 0.98
315.0 1.17
316.0 0.99
317.0 1.02
318.0 1.01
319.0 1.03
320.0 1.08
321.0 1.14
322.0 1.07
323.0 1.12
324.0 1.12
325.0 1.19
326.0 1.05
327.0 1.09
328.0 1.03
329.0 1.11
330.0 1.14
331.0 1.05
332.0 1.03
333.0 1.26
334.0 1.09
335.0 1.02
336.0 1.05
337.0 1.10
338.0 1.13
339.0 1.20
340.0 1.15
341.0 1.37
342.0 1.43
343.0 1.35
344.0 1.40
345.0 1.49
346.0 1.32
347.0 1.43
348.0 1.42
349.0 1.44
350.0 1.43
351.0 1.42
352.0 1.51
353.0 1.52
354.0 1.51
355.0 1.50
356.0 1.42
357.0 1.50
358.0 1.41
359.0 1.43
VERTICAL 360
0 16.40
1 15.01
2 13.24
3 11.67
4 10.62
5 9.50
6 8.73
7 8.30
8 7.72
9 7.28
10 7.21
11 7.04
12 6.99
13 7.16
14 7.43
15 7.83
16 8.51
17 9.25
18 10.15
19 11.23
20 12.18
21 13.94
22 15.25
23 16.69
24 18.23
25 20.24
26 22.72
27 29.02
28 34.67
29 34.27
30 28.54
31 24.67
32 23.19
33 22.16
34 20.57
35 19.73
36 19.24
37 17.40
38 18.08
39 17.10
40 16.75
41 16.56
42 16.69
43 16.53
44 16.42
45 16.37
46 15.55
47 15.36
48 15.48
49 15.30
50 15.15
51 15.61
52 16.15
53 15.94
54 15.95
55 15.81
56 15.45
57 15.55
58 15.43
59 15.25
60 15.56
61 15.62
62 15.97
63 16.75
64 16.69
65 16.73
66 17.11
67 16.83
68 16.45
69 16.61
70 16.84
71 17.14
72 17.52
73 18.12
74 18.59
75 18.91
76 19.29
77 19.08
78 19.43
79 20.11
80 21.18
81 22.34
82 23.40
83 26.33
84 26.48
85 29.19
86 30.64
87 32.62
88 34.17
89 36.33
90 44.09
91 32.13
92 27.97
93 28.12
94 27.24
95 24.96
96 25.27
97 24.09
98 23.14
99 23.42
100 23.57
101 22.68
102 23.24
103 24.02
104 23.40
105 23.82
106 24.82
107 24.98
108 24.33
109 23.49
110 24.04
111 23.34
112 23.41
113 22.86
114 22.44
115 21.35
116 21.15
117 21.35
118 20.33
119 21.23
120 21.07
121 20.86
122 21.24
123 20.98
124 20.26
125 19.63
126 18.62
127 17.23
128 17.28
129 17.02
130 16.44
131 15.61
132 15.96
133 15.49
134 15.69
135 14.99
136 15.27
137 15.09
138 15.43
139 15.30
140 15.57
141 16.07
142 16.16
143 15.63
144 17.09
145 17.37
146 18.97
147 20.50
148 22.14
149 24.03
150 25.47
151 28.30
152 24.42
153 22.98
154 20.03
155 18.14
156 16.87
157 14.81
158 13.78
159 12.51
160 11.72
161 10.74
162 9.91
163 9.04
164 8.35
165 7.81
166 7.33
167 7.08
168 6.68
169 6.75
170 6.72
171 6.95
172 7.37
173 7.95
174 8.68
175 9.42
176 10.31
177 11.51
178 12.60
179 13.40
180 13.78
181 13.28
182 11.49
183 9.89
184 8.27
185 6.73
186 5.45
187 4.26
188 3.37
189 2.49
190 1.93
191 1.29
192 0.99
193 0.64
194 0.50
195 0.33
196 0.12
197 0.00
198 0.04
199 0.02
200 0.00
201 0.23
202 0.33
203 0.53
204 0.83
205 1.24
206 1.59
207 1.97
208 2.34
209 2.93
210 3.40
211 3.80
212 4.36
213 5.13
214 5.86
215 6.59
216 7.40
217 8.12
218 8.99
219 9.81
220 10.40
221 11.18
222 11.92
223 12.32
224 12.95
225 12.99
226 13.36
227 13.76
228 13.99
229 14.20
230 15.07
231 15.93
232 16.85
233 17.69
234 17.71
235 18.97
236 18.86
237 18.53
238 18.59
239 18.53
240 18.49
241 18.57
242 19.39
243 20.07
244 20.32
245 19.93
246 20.21
247 19.41
248 18.77
249 19.02
250 18.49
251 18.52
252 19.49
253 20.27
254 20.80
255 21.63
256 21.80
257 23.78
258 23.78
259 23.78
260 23.09
261 23.09
262 23.09
263 24.96
264 24.20
265 26.96
266 25.76
267 28.40
268 28.67
269 28.99
270 30.15
271 31.15
272 31.17
273 34.56
274 33.79
275 32.28
276 35.45
277 36.21
278 30.95
279 30.71
280 28.55
281 25.15
282 23.05
283 21.35
284 21.05
285 21.15
286 20.06
287 19.94
288 19.45
289 19.77
290 19.37
291 18.75
292 17.82
293 17.30
294 17.27
295 15.73
296 15.31
297 14.56
298 13.82
299 13.38
300 13.34
301 13.16
302 13.07
303 13.25
304 12.89
305 12.86
306 12.39
307 12.25
308 11.57
309 11.30
310 10.78
311 10.57
312 10.11
313 9.67
314 9.00
315 8.60
316 8.24
317 7.55
318 7.19
319 7.04
320 6.57
321 6.18
322 6.00
323 5.64
324 5.30
325 5.09
326 4.80
327 4.37
328 4.10
329 3.61
330 3.35
331 3.03
332 2.77
333 2.32
334 2.09
335 1.77
336 1.61
337 1.29
338 1.14
339 0.89
340 0.81
341 0.81
342 0.80
343 0.85
344 1.12
345 1.31
346 1.75
347 2.17
348 2.79
349 3.42
350 4.28
351 5.32
352 6.36
353 7.76
354 9.48
355 11.30
356 13.35
357 15.91
358 17.70
359 18.16
