NAME HTQ-2.4-8.0(10)
FREQUENCY 2400MHz
H_WIDTH 360
V_WIDTH 11
FRONT_TO_BACK 0
GAIN 7.530082441dBi 8dBi
TILT 10
POLARIZATION POL_VCOMMENT DATE 2002.11.29
HORIZONTAL 360
0 0.5  
1 0.5  
2 0.6  
3 0.6  
4 0.6  
5 0.6  
6 0.7  
7 0.6  
8 0.6  
9 0.6  
10 0.6 
11 0.5 
12 0.6 
13 0.6 
14 0.5 
15 0.6 
16 0.6 
17 0.6 
18 0.6 
19 0.6 
20 0.6 
21 0.6 
22 0.6 
23 0.6 
24 0.6 
25 0.6 
26 0.6 
27 0.6 
28 0.6 
29 0.6 
30 0.6 
31 0.6 
32 0.6 
33 0.5 
34 0.5 
35 0.6 
36 0.7 
37 0.7 
38 0.7 
39 0.7 
40 0.6 
41 0.5 
42 0.5 
43 0.5 
44 0.4 
45 0.5 
46 0.6 
47 0.6 
48 0.6 
49 0.6 
50 0.6 
51 0.6 
52 0.6 
53 0.7 
54 0.7 
55 0.6 
56 0.6 
57 0.5 
58 0.5 
59 0.5 
60 0.5 
61 0.5 
62 0.5 
63 0.5 
64 0.5 
65 0.6 
66 0.6 
67 0.6 
68 0.5 
69 0.4 
70 0.3 
71 0.3 
72 0.4 
73 0.4 
74 0.4 
75 0.4 
76 0.4 
77 0.4 
78 0.4 
79 0.3 
80 0.4 
81 0.4 
82 0.4 
83 0.4 
84 0.3 
85 0.3 
86 0.3 
87 0.4 
88 0.3 
89 0.4 
90 0.3 
91 0.3 
92 0.3 
93 0.3 
94 0.3 
95 0.3 
96 0.2 
97 0.2 
98 0.2 
99 0.2 
100 0.2
101 0.2
102 0.2
103 0.2
104 0.2
105 0.2
106 0.3
107 0.3
108 0.2
109 0.2
110 0  
111 0  
112 0.1
113 0  
114 0  
115 0.1
116 0.1
117 0.1
118 0.1
119 0.1
120 0  
121 0.1
122 0.1
123 0.2
124 0.2
125 0.1
126 0  
127 0  
128 0.1
129 0.1
130 0.1
131 0.1
132 0.1
133 0.1
134 0.1
135 0.1
136 0.2
137 0.2
138 0.2
139 0.3
140 0.2
141 0.3
142 0.3
143 0.3
144 0.2
145 0.3
146 0.2
147 0.2
148 0.1
149 0.1
150 0.1
151 0.1
152 0.2
153 0.2
154 0.2
155 0.3
156 0.4
157 0.4
158 0.5
159 0.4
160 0.4
161 0.5
162 0.5
163 0.6
164 0.6
165 0.6
166 0.5
167 0.5
168 0.5
169 0.5
170 0.5
171 0.5
172 0.6
173 0.7
174 0.6
175 0.6
176 0.6
177 0.7
178 0.7
179 0.7
180 0.6
181 0.5
182 0.5
183 0.5
184 0.6
185 0.6
186 0.6
187 0.5
188 0.6
189 0.5
190 0.5
191 0.5
192 0.5
193 0.5
194 0.5
195 0.5
196 0.5
197 0.4
198 0.5
199 0.5
200 0.5
201 0.6
202 0.5
203 0.6
204 0.5
205 0.4
206 0.4
207 0.4
208 0.4
209 0.5
210 0.5
211 0.5
212 0.6
213 0.6
214 0.6
215 0.6
216 0.5
217 0.5
218 0.5
219 0.5
220 0.5
221 0.5
222 0.4
223 0.4
224 0.5
225 0.4
226 0.4
227 0.5
228 0.4
229 0.4
230 0.5
231 0.4
232 0.4
233 0.3
234 0.3
235 0.3
236 0.4
237 0.4
238 0.5
239 0.6
240 0.6
241 0.5
242 0.4
243 0.4
244 0.4
245 0.4
246 0.4
247 0.3
248 0.4
249 0.4
250 0.4
251 0.4
252 0.4
253 0.4
254 0.4
255 0.4
256 0.3
257 0.3
258 0.3
259 0.3
260 0.3
261 0.3
262 0.3
263 0.4
264 0.3
265 0.3
266 0.3
267 0.3
268 0.4
269 0.5
270 0.6
271 0.7
272 0.7
273 0.7
274 0.6
275 0.5
276 0.5
277 0.5
278 0.5
279 0.6
280 0.4
281 0.4
282 0.4
283 0.4
284 0.4
285 0.4
286 0.4
287 0.5
288 0.5
289 0.6
290 0.6
291 0.6
292 0.6
293 0.5
294 0.5
295 0.6
296 0.6
297 0.7
298 0.7
299 0.7
300 0.7
301 0.7
302 0.7
303 0.7
304 0.6
305 0.6
306 0.6
307 0.6
308 0.6
309 0.6
310 0.6
311 0.7
312 0.7
313 0.7
314 0.7
315 0.7
316 0.7
317 0.6
318 0.6
319 0.7
320 0.7
321 0.7
322 0.8
323 0.7
324 0.7
325 0.8
326 0.7
327 0.7
328 0.7
329 0.6
330 0.7
331 0.7
332 0.7
333 0.7
334 0.7
335 0.7
336 0.7
337 0.6
338 0.6
339 0.6
340 0.7
341 0.7
342 0.8
343 0.8
344 0.8
345 0.8
346 0.8
347 0.8
348 0.8
349 0.7
350 0.7
351 0.8
352 0.8
353 0.9
354 0.9
355 0.7
356 0.7
357 0.7
358 0.7
359 0.6
VERTICAL 360
0 14.2  
1 12.6  
2 13.4  
3 16.6  
4 20.3  
5 22    
6 20.4  
7 16.3  
8 11.9  
9 8.8   
10 7.4  
11 7.2  
12 7.6  
13 8.3  
14 9.5  
15 11   
16 12.8 
17 14.8 
18 16.9 
19 18.8 
20 20.5 
21 21.7 
22 22.4 
23 22.3 
24 21.4 
25 19.9 
26 18.3 
27 17.2 
28 16.6 
29 16.4 
30 16.3 
31 16.4 
32 16.5 
33 16.7 
34 17   
35 17.7 
36 18.8 
37 20.2 
38 22   
39 24.1 
40 26.6 
41 29.4 
42 31.9 
43 33.3 
44 33   
45 31.3 
46 29.5 
47 28.7 
48 29   
49 29.7 
50 30.5 
51 31.4 
52 32.2 
53 32.6 
54 31.7 
55 29.7 
56 27.5 
57 25.9 
58 25.2 
59 25.3 
60 25.7 
61 25.9 
62 25.7 
63 25.6 
64 26.4 
65 27.9 
66 29.3 
67 29.4 
68 28.6 
69 27.5 
70 27.3 
71 28.4 
72 30.5 
73 33.6 
74 36.9 
75 39.7 
76 40.9 
77 40.2 
78 38.2 
79 35.4 
80 32.2 
81 29.1 
82 27   
83 26.2 
84 26.6 
85 27.4 
86 28.2 
87 29.3 
88 31.1 
89 33.7 
90 36.2 
91 37.6 
92 37.4 
93 35.6 
94 33.1 
95 30.7 
96 28.5 
97 26.8 
98 25.5 
99 24.6 
100 24  
101 23.6
102 23  
103 22.4
104 22  
105 21.7
106 21.5
107 21.5
108 21.9
109 22.9
110 24.3
111 25.4
112 25.4
113 24.7
114 24.3
115 25.3
116 27.4
117 29.4
118 30  
119 29.2
120 27.9
121 27.3
122 27.6
123 28.6
124 30.8
125 34.6
126 39.6
127 43.2
128 43.2
129 39.7
130 35.1
131 31.9
132 30.4
133 29.5
134 28.5
135 27.3
136 26.1
137 25.2
138 24.9
139 25.2
140 26  
141 26.5
142 26.3
143 25.4
144 24  
145 22.2
146 20.5
147 19  
148 18.2
149 17.8
150 17.5
151 18.9
152 19.6
153 20.7
154 21.8
155 22.3
156 21.7
157 20.1
158 18  
159 16.4
160 15.6
161 15.3
162 14.9
163 14.2
164 13.1
165 11.7
166 10.3
167 9.2 
168 8.5 
169 8.3 
170 8.7 
171 10.1
172 12.7
173 16.1
174 19  
175 19.7
176 17.9
177 14.6
178 11.7
179 10.5
180 11.7
181 14.5
182 17.5
183 18.9
184 17.5
185 13.8
186 9.3 
187 5.6 
188 3.1 
189 1.7 
190 0.8 
191 0.3 
192 0   
193 0   
194 0.2 
195 0.7 
196 1.5 
197 2.4 
198 3.5 
199 4.6 
200 5.7 
201 6.8 
202 7.8 
203 8.8 
204 9.6 
205 10.2
206 10.8
207 11.3
208 11.9
209 12.7
210 13.3
211 13.5
212 13.4
213 13.2
214 13.2
215 13.4
216 13.7
217 14  
218 14.3
219 14.7
220 15.1
221 15.4
222 15.4
223 15.1
224 14.6
225 14.1
226 13.7
227 13.5
228 13.3
229 13.1
230 13.1
231 13.8
232 15  
233 16.3
234 17.4
235 18.6
236 19.7
237 20.7
238 21  
239 20.4
240 19.2
241 17.8
242 16.9
243 16.5
244 16.4
245 16.5
246 16.6
247 16.6
248 17  
249 17.9
250 18.9
251 19.6
252 19.9
253 20.1
254 20.7
255 21.7
256 22.9
257 24.2
258 25.5
259 26.7
260 27.5
261 27.9
262 28.5
263 29.7
264 31.6
265 33.1
266 33.4
267 32.6
268 32.1
269 32.9
270 34.2
271 34.5
272 33  
273 30.2
274 27.5
275 25.9
276 25.4
277 25.4
278 25.1
279 24.2
280 23  
281 22.2
282 21.8
283 21.5
284 21  
285 20.4
286 19.9
287 19.7
288 19.6
289 19  
290 18.1
291 17.2
292 16.7
293 16.7
294 17  
295 17.3
296 17.8
297 18.3
298 19.3
299 20.7
300 22.2
301 23.4
302 23.8
303 23.2
304 21.9
305 20.2
306 18.6
307 17  
308 15.6
309 14.4
310 13.6
311 13.2
312 13  
313 12.9
314 12.9
315 12.9
316 13.1
317 13.2
318 13  
319 12.6
320 12.1
321 11.6
322 11.3
323 11.1
324 10.8
325 10.5
326 10.3
327 10.2
328 10.3
329 10.6
330 10.9
331 11.1
332 11.2
333 11.3
334 11.3
335 11.1
336 10.9
337 10.6
338 10.3
339 9.6 
340 8.5 
341 7.1 
342 5.6 
343 4.2 
344 3   
345 2   
346 1.3 
347 0.8 
348 0.6 
349 0.6 
350 0.9 
351 1.4 
352 2.3 
353 3.8 
354 6.3 
355 9.9 
356 14  
357 17.2
358 18.1
359 16.7