NAME HTQ-1.9-4.5
FREQUENCY 1905MHz
H_WIDTH 360
V_WIDTH 21.8
FRONT_TO_BACK 0
GAIN 4.290539811dBi 4.5dBi
TILT 0
POLARIZATION POL_VCOMMENT DATE 2003.06.17
HORIZONTAL 360
0.0 0.27
1.0 0.30
2.0 0.31
3.0 0.34
4.0 0.30
5.0 0.36
6.0 0.33
7.0 0.37
8.0 0.34
9.0 0.36
10.0 0.33
11.0 0.29
12.0 0.31
13.0 0.36
14.0 0.32
15.0 0.32
16.0 0.28
17.0 0.30
18.0 0.33
19.0 0.29
20.0 0.28
21.0 0.30
22.0 0.29
23.0 0.36
24.0 0.35
25.0 0.32
26.0 0.29
27.0 0.29
28.0 0.30
29.0 0.31
30.0 0.27
31.0 0.26
32.0 0.29
33.0 0.26
34.0 0.31
35.0 0.26
36.0 0.25
37.0 0.25
38.0 0.26
39.0 0.28
40.0 0.25
41.0 0.30
42.0 0.29
43.0 0.37
44.0 0.33
45.0 0.40
46.0 0.33
47.0 0.34
48.0 0.35
49.0 0.31
50.0 0.31
51.0 0.32
52.0 0.30
53.0 0.34
54.0 0.28
55.0 0.25
56.0 0.26
57.0 0.24
58.0 0.27
59.0 0.24
60.0 0.22
61.0 0.25
62.0 0.24
63.0 0.30
64.0 0.27
65.0 0.27
66.0 0.28
67.0 0.24
68.0 0.30
69.0 0.37
70.0 0.34
71.0 0.34
72.0 0.38
73.0 0.39
74.0 0.35
75.0 0.35
76.0 0.29
77.0 0.31
78.0 0.32
79.0 0.29
80.0 0.31
81.0 0.28
82.0 0.24
83.0 0.21
84.0 0.21
85.0 0.21
86.0 0.17
87.0 0.20
88.0 0.22
89.0 0.24
90.0 0.18
91.0 0.20
92.0 0.24
93.0 0.14
94.0 0.16
95.0 0.19
96.0 0.19
97.0 0.25
98.0 0.21
99.0 0.24
100.0 0.21
101.0 0.25
102.0 0.24
103.0 0.27
104.0 0.24
105.0 0.25
106.0 0.29
107.0 0.30
108.0 0.20
109.0 0.11
110.0 0.11
111.0 0.12
112.0 0.08
113.0 0.06
114.0 0.15
115.0 0.15
116.0 0.11
117.0 0.12
118.0 0.11
119.0 0.08
120.0 0.08
121.0 0.04
122.0 0.04
123.0 0.04
124.0 0.11
125.0 0.13
126.0 0.17
127.0 0.11
128.0 0.10
129.0 0.11
130.0 0.12
131.0 0.14
132.0 0.19
133.0 0.15
134.0 0.19
135.0 0.17
136.0 0.25
137.0 0.19
138.0 0.14
139.0 0.12
140.0 0.09
141.0 0.11
142.0 0.14
143.0 0.14
144.0 0.14
145.0 0.15
146.0 0.15
147.0 0.09
148.0 0.13
149.0 0.04
150.0 0.03
151.0 0.00
152.0 0.06
153.0 0.03
154.0 0.05
155.0 0.02
156.0 0.06
157.0 0.06
158.0 0.04
159.0 0.04
160.0 0.06
161.0 0.03
162.0 0.06
163.0 0.04
164.0 0.00
165.0 0.03
166.0 0.05
167.0 0.06
168.0 0.05
169.0 0.13
170.0 0.13
171.0 0.10
172.0 0.11
173.0 0.10
174.0 0.13
175.0 0.09
176.0 0.08
177.0 0.12
178.0 0.13
179.0 0.07
180.0 0.12
181.0 0.10
182.0 0.10
183.0 0.10
184.0 0.09
185.0 0.08
186.0 0.10
187.0 0.11
188.0 0.12
189.0 0.13
190.0 0.09
191.0 0.11
192.0 0.14
193.0 0.13
194.0 0.11
195.0 0.08
196.0 0.08
197.0 0.07
198.0 0.09
199.0 0.07
200.0 0.06
201.0 0.07
202.0 0.08
203.0 0.08
204.0 0.08
205.0 0.09
206.0 0.11
207.0 0.14
208.0 0.10
209.0 0.15
210.0 0.14
211.0 0.15
212.0 0.14
213.0 0.13
214.0 0.14
215.0 0.13
216.0 0.11
217.0 0.09
218.0 0.10
219.0 0.07
220.0 0.13
221.0 0.10
222.0 0.07
223.0 0.12
224.0 0.07
225.0 0.09
226.0 0.09
227.0 0.12
228.0 0.14
229.0 0.13
230.0 0.15
231.0 0.19
232.0 0.13
233.0 0.17
234.0 0.19
235.0 0.16
236.0 0.20
237.0 0.16
238.0 0.16
239.0 0.17
240.0 0.16
241.0 0.19
242.0 0.17
243.0 0.17
244.0 0.16
245.0 0.18
246.0 0.18
247.0 0.12
248.0 0.12
249.0 0.11
250.0 0.13
251.0 0.14
252.0 0.14
253.0 0.16
254.0 0.18
255.0 0.20
256.0 0.19
257.0 0.23
258.0 0.22
259.0 0.23
260.0 0.26
261.0 0.25
262.0 0.26
263.0 0.22
264.0 0.24
265.0 0.24
266.0 0.20
267.0 0.21
268.0 0.20
269.0 0.22
270.0 0.21
271.0 0.19
272.0 0.21
273.0 0.24
274.0 0.22
275.0 0.22
276.0 0.22
277.0 0.26
278.0 0.28
279.0 0.30
280.0 0.27
281.0 0.27
282.0 0.30
283.0 0.32
284.0 0.30
285.0 0.30
286.0 0.30
287.0 0.27
288.0 0.32
289.0 0.29
290.0 0.25
291.0 0.24
292.0 0.27
293.0 0.25
294.0 0.25
295.0 0.26
296.0 0.24
297.0 0.23
298.0 0.23
299.0 0.27
300.0 0.27
301.0 0.27
302.0 0.29
303.0 0.28
304.0 0.28
305.0 0.28
306.0 0.29
307.0 0.28
308.0 0.25
309.0 0.28
310.0 0.26
311.0 0.28
312.0 0.26
313.0 0.28
314.0 0.31
315.0 0.25
316.0 0.32
317.0 0.28
318.0 0.26
319.0 0.30
320.0 0.33
321.0 0.30
322.0 0.34
323.0 0.35
324.0 0.35
325.0 0.38
326.0 0.36
327.0 0.40
328.0 0.35
329.0 0.35
330.0 0.37
331.0 0.31
332.0 0.30
333.0 0.29
334.0 0.27
335.0 0.30
336.0 0.23
337.0 0.25
338.0 0.25
339.0 0.24
340.0 0.26
341.0 0.25
342.0 0.27
343.0 0.23
344.0 0.28
345.0 0.28
346.0 0.32
347.0 0.33
348.0 0.29
349.0 0.30
350.0 0.28
351.0 0.29
352.0 0.24
353.0 0.26
354.0 0.28
355.0 0.32
356.0 0.28
357.0 0.32
358.0 0.29
359.0 0.30
VERTICAL 360
0 0.23
1 0.36
2 0.61
3 0.90
4 1.38
5 1.78
6 1.92
7 2.20
8 2.24
9 2.49
10 2.62
11 2.74
12 3.00
13 3.51
14 3.93
15 4.42
16 4.58
17 4.93
18 5.24
19 5.75
20 5.92
21 6.10
22 6.47
23 7.01
24 8.14
25 9.34
26 10.11
27 11.22
28 11.87
29 12.86
30 14.30
31 15.12
32 15.97
33 16.15
34 15.87
35 16.72
36 17.99
37 21.30
38 26.48
39 30.00
40 35.99
41 32.69
42 26.20
43 21.59
44 20.43
45 18.96
46 19.06
47 18.60
48 17.11
49 15.83
50 15.33
51 15.12
52 15.41
53 15.74
54 16.88
55 17.24
56 17.30
57 17.48
58 16.84
59 16.15
60 15.43
61 15.16
62 15.42
63 14.45
64 13.37
65 12.67
66 12.37
67 11.75
68 11.95
69 12.28
70 12.56
71 12.96
72 13.23
73 14.04
74 14.21
75 14.53
76 14.71
77 15.42
78 15.94
79 16.66
80 17.42
81 18.78
82 19.44
83 20.00
84 21.09
85 22.44
86 24.19
87 25.56
88 27.46
89 26.91
90 25.83
91 25.93
92 25.54
93 26.78
94 25.67
95 24.83
96 24.53
97 22.32
98 22.06
99 23.23
100 20.64
101 19.83
102 17.59
103 16.68
104 16.21
105 15.31
106 15.11
107 14.66
108 14.10
109 14.05
110 13.93
111 13.91
112 13.79
113 14.58
114 15.19
115 16.13
116 17.17
117 17.90
118 17.88
119 18.13
120 17.85
121 18.08
122 18.44
123 18.78
124 17.81
125 16.19
126 14.83
127 13.79
128 12.57
129 13.00
130 12.91
131 13.49
132 13.44
133 13.41
134 14.13
135 15.39
136 15.13
137 15.12
138 14.90
139 15.65
140 17.55
141 18.77
142 19.88
143 20.96
144 25.28
145 29.31
146 22.19
147 20.19
148 18.44
149 17.37
150 16.31
151 16.29
152 16.06
153 14.83
154 13.46
155 11.93
156 10.64
157 9.64
158 9.10
159 8.41
160 7.82
161 7.52
162 7.29
163 7.22
164 6.69
165 6.05
166 5.66
167 5.11
168 4.35
169 3.66
170 3.72
171 3.65
172 3.72
173 3.39
174 3.22
175 2.53
176 2.04
177 1.40
178 0.77
179 0.44
180 0.29
181 0.18
182 0.09
183 0.22
184 0.12
185 0.20
186 0.09
187 0.00
188 0.20
189 0.39
190 0.74
191 0.89
192 1.25
193 1.84
194 2.21
195 2.68
196 2.97
197 3.27
198 3.41
199 3.53
200 3.72
201 3.96
202 4.41
203 4.85
204 4.69
205 4.54
206 4.61
207 4.62
208 4.60
209 4.62
210 4.72
211 5.00
212 4.95
213 4.99
214 4.78
215 4.67
216 4.77
217 4.57
218 4.73
219 5.04
220 5.27
221 5.51
222 5.81
223 6.09
224 6.39
225 6.90
226 7.26
227 7.74
228 7.73
229 8.02
230 8.34
231 8.52
232 8.81
233 9.31
234 9.63
235 9.53
236 9.83
237 9.83
238 9.78
239 10.36
240 10.69
241 11.06
242 11.27
243 11.72
244 11.78
245 12.26
246 12.70
247 12.74
248 13.42
249 13.90
250 14.66
251 15.02
252 15.65
253 16.68
254 17.41
255 18.03
256 18.57
257 18.53
258 18.96
259 19.83
260 18.95
261 21.32
262 21.63
263 22.58
264 24.09
265 25.91
266 26.49
267 29.50
268 28.78
269 29.27
270 29.27
271 29.27
272 29.29
273 29.07
274 30.33
275 29.81
276 35.23
277 49.51
278 36.67
279 33.36
280 29.96
281 26.31
282 25.85
283 24.20
284 21.67
285 20.98
286 20.50
287 19.87
288 19.46
289 18.84
290 17.76
291 17.65
292 16.04
293 15.90
294 14.78
295 15.24
296 14.87
297 14.25
298 14.15
299 14.31
300 14.46
301 14.17
302 14.23
303 13.79
304 13.95
305 13.93
306 13.84
307 13.17
308 13.39
309 13.42
310 12.80
311 12.00
312 10.75
313 10.72
314 9.98
315 9.71
316 9.22
317 8.64
318 8.28
319 8.06
320 7.85
321 7.75
322 7.27
323 6.87
324 6.47
325 6.50
326 6.68
327 6.78
328 6.97
329 6.83
330 6.97
331 7.01
332 7.07
333 6.89
334 6.81
335 6.79
336 6.62
337 6.31
338 6.07
339 5.90
340 5.67
341 5.45
342 5.16
343 4.45
344 3.99
345 3.40
346 3.15
347 2.50
348 2.16
349 1.86
350 1.77
351 1.72
352 1.58
353 1.23
354 0.85
355 0.72
356 0.61
357 0.53
358 0.41
359 0.22
